0.234873
0.266258
-0.000000
0.518700
0.000000
0.222385
0.422887
0.000000
0.250932
0.000002
0.316872
0.250492
0.378926
0.000011
0.275264
0.236741
0.242022
0.395315
0.469346
0.290896
0.272684
0.278028
0.290692
0.206927
0.258990
0.278711
0.291150
0.316014
0.388891
0.304112
0.267757
0.210925
0.287084
0.332426
0.426728
0.373261
0.000000
0.190678
0.000000
0.223030
0.179079
0.248601
0.273995
0.259229
0.294202
0.299236
0.223689
0.262799
0.000000
0.266098
0.220890
0.284286
0.330723
0.226810
0.365381
0.212299
0.239653
0.249496
0.525831
0.248248
0.295653
0.258777
0.483256
0.266704
0.230717
0.253822
-0.000001
-0.664389
-0.000000
0.161522
0.454504
-0.000000
0.300514
-0.000008
0.349418
0.311481
-0.249530
-0.000035
0.107726
0.218971
0.381413
-0.529882
-0.628644
0.571398
0.299847
0.584304
0.482022
0.328526
0.196717
0.194962
0.152145
0.085522
0.513143
0.015237
0.166442
0.332394
0.249211
0.443367
-0.280169
-0.020385
-0.000000
0.321341
-0.000000
0.237767
0.232908
0.315275
0.427762
0.293128
0.263794
0.675976
0.429100
0.345663
-0.000000
0.247294
0.303161
0.615773
0.398349
0.332067
-0.412188
0.378069
0.178953
0.257478
-0.449080
0.213059
0.569339
0.572743
-0.402383
0.234064
0.002768
-0.025769
0.000000
-0.084605
0.000000
0.000497
-0.022408
-0.000000
-0.004824
0.000000
0.039582
0.031994
-0.037490
-0.000001
0.006600
0.004378
0.064797
0.111760
0.036002
-0.075075
-0.038240
0.084358
-0.052287
-0.011799
0.001302
0.032172
-0.017784
-0.091009
0.113187
-0.041632
0.008730
0.029693
-0.070502
-0.003485
0.109771
-0.001734
-0.000000
0.029330
-0.000000
0.006732
-0.003710
0.016028
-0.027883
0.026593
0.028475
-0.127347
0.044617
0.026329
0.000000
-0.017045
-0.003562
-0.045841
0.063876
0.015220
-0.038511
-0.016428
-0.016569
0.056057
-0.080306
-0.002665
-0.041718
0.126113
-0.049237
-0.013261
1.016945
3.716743
0.000000
3.282543
0.000000
0.658227
4.370062
0.000000
0.915523
0.000000
4.125586
2.743992
2.839091
0.000000
11.072271
0.500746
2.231282
4.825707
2.698614
9.369955
3.733917
5.484296
5.712669
0.445445
0.436275
7.156336
13.717909
5.251175
6.817375
1.672358
1.653430
1.232460
4.907629
3.073051
4.238386
4.993635
0.000000
1.521162
0.000000
0.351344
0.170247
1.420545
1.908483
2.151240
2.660849
4.844434
1.929712
1.499944
0.000000
1.530640
0.365027
2.937554
5.466412
0.707925
3.331507
0.771803
2.406784
6.521367
4.126250
1.050635
2.953032
11.365622
4.769047
1.655878
0.309043
0.214711
0.236577
0.425931
0.513686
0.218109
0.220441
0.229953
0.264006
0.269451
0.213778
0.460191
0.266088
0.231898
0.390032
0.238855
0.266045
0.363448
0.347413
0.247701
0.328453
0.534935
0.644020
0.227494
0.448181
0.307817
0.260412
0.465068
0.217946
0.285815
0.342562
0.441997
0.444977
0.450019
0.551551
0.509207
0.256445
0.263419
0.566351
0.640956
0.222757
0.198602
0.245954
0.224201
0.214311
0.198216
0.636766
0.310555
0.504928
0.240275
0.306494
0.375986
0.379381
0.428064
0.299082
0.332632
0.259647
0.334533
0.200566
0.435056
0.168260
0.514938
0.262883
0.325370
0.165661
0.241959
0.177965
-0.043138
-0.205331
0.159751
0.292936
0.091178
0.111647
0.088373
0.110414
-0.203524
0.153929
0.085720
-0.109398
0.065450
0.076595
-0.206687
-0.021186
0.139637
0.040125
-0.282750
-0.325706
-0.003466
-0.437301
-0.124845
0.128243
-0.087393
0.119922
-0.082930
-0.531535
-0.078031
-0.387627
-0.054656
-0.181555
-0.188850
0.132012
0.003135
-0.269714
-0.298390
0.139352
0.259657
0.137245
0.005264
0.013150
0.329456
-0.271507
-0.018674
-0.246698
0.157942
0.016460
-0.089049
-0.190278
-0.078674
0.170013
-0.483183
0.061921
-0.067710
0.312465
-0.506396
0.313813
-0.261735
-0.154493
0.006281
-0.433190
-0.175695
0.030747
-0.705807
-1.636446
-0.798920
-0.067817
-0.195550
-1.126039
-0.957785
0.003038
-1.826511
-0.039339
-0.867986
-1.106184
-0.635920
-0.987194
-0.577787
-1.334917
-0.340781
-1.198194
-1.605752
-2.170181
-0.881360
-0.817468
-0.695106
0.654208
-1.642239
0.281131
0.316297
-0.412330
-1.402285
-1.504384
-2.503079
-2.158050
-1.364501
-0.857909
-0.220596
-2.554775
-2.269485
-0.160925
-0.855172
0.528861
1.349205
-0.938154
-0.335566
-2.916777
-1.596725
-1.887467
-1.616621
-1.944322
-2.019488
-0.967085
-1.388074
-1.883634
0.186852
-1.348731
-0.459333
-0.454171
-0.903211
-0.076797
-1.771877
1.248418
-0.913858
0.435055
0.204354
0.234371
0.555869
0.962581
0.348372
0.087091
0.685126
0.471447
1.264185
0.151851
0.672974
0.242971
0.557664
0.870111
0.241860
0.205246
0.814858
0.304025
0.261729
0.805968
0.800655
1.558104
0.240397
0.444483
0.676497
0.556174
0.937784
0.258369
0.317293
0.096178
0.411816
0.519685
0.976714
1.270331
0.890841
0.360924
0.222713
1.158769
1.596519
0.406011
0.255919
0.176324
0.279655
0.375710
0.128194
1.827967
0.314452
0.741928
0.212855
0.812225
0.466000
0.406509
0.491435
0.481395
0.169688
0.400027
0.386658
0.149924
0.413703
0.067106
0.830320
0.243440
0.344939
0.249624
0.219779
0.275616
0.607289
0.265406
0.294219
0.113630
0.442462
0.286828
0.297393
0.250593
0.410340
0.485451
0.338272
0.466963
0.177248
0.217085
0.502508
0.226337
0.366660
0.486735
0.458631
0.465238
0.219968
0.151047
0.276148
0.381326
0.280345
0.238178
0.395336
0.303210
0.316327
0.202471
0.232277
0.200276
0.166101
0.468973
0.347641
0.341383
0.227361
0.248534
0.235556
0.272629
0.465665
0.342945
0.246468
0.467435
0.281193
0.624087
0.415187
0.340282
0.421777
0.115192
0.298459
0.580225
0.279544
0.470572
0.451711
0.430281
0.274865
0.342688
0.113665
0.506885
0.437001
0.227523
0.008675
-0.067346
-0.068779
0.359775
-0.201667
-0.000048
0.023735
0.395493
0.037079
0.006879
0.275777
-0.070272
-0.239702
-0.081753
-0.094132
-0.145436
0.037301
-0.361739
-0.395614
-0.407890
0.003556
-0.278780
-0.035299
-0.070281
0.210055
-0.004636
-0.196648
-0.280661
-0.016540
0.264518
-0.089359
-0.210460
-0.130261
0.172147
0.053403
-0.222954
-0.048033
0.245716
0.209495
0.162200
0.113698
0.114566
-0.148701
-0.032150
-0.305488
0.491247
0.108730
0.012779
0.100442
0.415533
-0.014710
0.023922
0.099812
-0.172731
0.100782
-0.145636
-0.227354
0.136365
0.201266
-0.057430
0.235302
-0.112987
0.309331
0.167667
0.005160
0.786813
0.166958
0.477449
-0.036223
-0.057831
0.002011
-0.342021
0.067421
-0.097042
-0.099979
-0.065909
-0.038458
-0.070890
-0.221758
-0.134342
0.119792
-0.060160
0.000618
0.086362
-0.146616
0.035369
-0.153914
-0.041574
-0.431713
0.032966
-0.079720
-0.586836
-0.246140
-0.150488
-0.401244
-0.218739
-0.635121
0.069792
0.141156
0.275380
-0.564455
-0.111346
-0.241368
-0.131315
-0.021504
0.126393
-0.168429
0.169258
-0.468406
-0.690758
0.204412
0.001475
-0.054254
-0.148674
0.126161
-0.114532
-0.159674
0.122987
-0.160528
-0.225617
-0.099545
-0.162096
0.322956
-0.005539
0.109110
0.078114
0.012128
0.112977
0.041237
0.033545
0.128228
0.208378
0.030685
0.060566
0.073705
0.031310
0.040856
0.137575
0.039873
0.043669
0.028224
0.158828
0.028779
0.083656
0.079875
0.017730
0.183914
0.088387
0.305412
0.151206
0.039352
0.037352
0.096941
0.171872
0.061037
0.060672
0.156014
0.044767
0.123553
0.046391
0.100531
0.049753
0.048147
0.045006
0.122899
0.062314
0.038063
0.022906
0.122661
0.165624
0.104651
0.131607
0.183358
0.062244
0.127234
0.192906
0.041888
0.026284
0.262289
0.071197
0.144237
0.093709
0.098259
0.116282
0.151095
0.100875
0.034225
0.185439
0.069805
0.063052
0.034959
0.391013
0.437474
0.374570
0.398993
0.340426
0.350275
0.261832
0.270686
0.286510
0.430750
0.189464
0.304125
0.383696
0.294356
0.210527
0.330406
